0.0020780563354492188, 0.0018491744995117188, 0.0016438961029052734, 0.001638174057006836, 0.001500844955444336, 0.0015599727630615234, 0.0016589164733886719, 0.0015401840209960938, 0.001466989517211914, 0.0014731884002685547, 0.0017080307006835938, 0.0015141963958740234, 0.001432180404663086, 0.0014410018920898438, 0.0016601085662841797, 0.0015909671783447266, 0.0019462108612060547, 0.0019521713256835938, 0.0014858245849609375, 0.0015480518341064453, 0.001567840576171875, 0.0014679431915283203, 0.001455068588256836, 0.001708984375, 0.0021669864654541016, 0.001547098159790039, 0.0016360282897949219, 0.001580953598022461, 0.0014519691467285156, 0.0014939308166503906, 0.001558065414428711, 0.0015349388122558594, 0.002866029739379883, 0.001689910888671875, 0.002061128616333008, 0.0016050338745117188, 0.0014450550079345703, 0.002374887466430664, 0.001444101333618164, 0.001486063003540039, 0.0015599727630615234, 0.001538991928100586, 0.0014889240264892578, 0.0016198158264160156, 0.0016300678253173828, 0.002162933349609375, 0.0018529891967773438, 0.0016679763793945312, 0.003337860107421875, 0.0016019344329833984;

3.770326852798462, 3.8087310791015625, 3.7868189811706543, 3.741697072982788, 3.8203999996185303, 3.9437079429626465, 3.8597140312194824, 4.00425910949707, 4.434610843658447, 4.005384206771851, 4.044948624126635, 3.824948632633619, 4.0364761491205865, 3.8950488296353387, 3.8045569983207566, 4.1059654402466546, 4.196872911982957, 4.366179763584671, 4.0243006547275, 4.042423773990112, 4.4003686052646955, 4.3019944617395875, 4.432858838539209, 4.3493884780356336, 3.8367764975196677, 4.078174509976684, 4.056374065942904, 4.3336410875354385, 3.9269923591128495, 4.183333938640222, 4.020344229493278, 3.8805645993798445, 4.312391648180294, 3.9428285286058458, 4.131897357091579, 4.228634906336143, 3.884677688134212, 4.086656021900229, 4.401162481871202, 3.8285504341989696, 4.015409158126145, 4.074054053475487, 4.365367871719689, 4.006146743194245, 4.23950429113386, 4.426998371931371, 3.9366141769544476, 3.9760706097755083, 4.42279270094709, 4.4144949545151295;

56.89030981063843, 55.04406213760376, 55.01095795631409, 55.71164894104004, 54.951578855514526, 56.08115482330322, 57.13865399360657, 55.66026186943054, 57.700591802597046, 56.410796880722046, 55.56236403957958, 57.446758241853054, 56.088954968984716, 57.29927118065345, 55.31216801893237, 55.98979214231527, 56.64546407691904, 56.56967145709707, 55.70250620480015, 56.24954236164908, 56.41569832867928, 57.44351973633034, 56.08686289735291, 55.99601428100691, 56.95801715351956, 57.396421547487954, 55.60909389890165, 55.75443806393093, 55.33801153665674, 56.85740569777121, 55.569888765971065, 55.92146879506296, 57.589774342575204, 55.165356250926294, 55.73894433969454, 55.421815670741836, 55.73222066654087, 56.976549747111974, 55.13319722225248, 57.593457056364315, 55.1632663192422, 57.65610239429627, 56.86342052396574, 55.13036248373824, 57.035343958819645, 55.29212512082978, 57.581571198485264, 56.474160768865566, 56.85892232763934, 56.73093556186393;

0.43534183502197266, 0.4629180431365967, 0.4451010227203369, 0.462709903717041, 0.4503750801086426, 0.44001221656799316, 0.4620659351348877, 0.5464649200439453, 0.4396979808807373, 0.47093796730041504, 0.45540337227366107, 0.4985769463742408, 0.5178057489064554, 0.4608494143944108, 0.45764810753381835, 0.4698208345722064, 0.4580822017135637, 0.45972644547832464, 0.47997963287026724, 0.46542040106742016, 0.5005126232379683, 0.4394333288112099, 0.46739315279724336, 0.4356142962717738, 0.5264752808539923, 0.465883621659852, 0.5233221768220274, 0.45872534352003136, 0.5446397994792712, 0.4596132572881047, 0.5374438810691611, 0.5315977214303913, 0.5164036286411299, 0.5280623349548454, 0.5017600037787977, 0.48370066289919766, 0.4388810303551476, 0.4412576889249388, 0.4661841151663246, 0.5407871290713104, 0.48576607552247036, 0.5102358435382432, 0.5371374958929731, 0.5303250784692886, 0.5133181888042964, 0.44554342994115786, 0.49346091882312654, 0.5304133317409837, 0.5112068882621184, 0.4507041594444199;

[52.18138599395752, 52.62425899505615, 52.951672077178955, 51.9054319858551, 53.200989961624146, 52.50093984603882, 52.79223394393921, 53.659388065338135, 55.892618894577026, 52.72800278663635, 54.973360845048745, 54.85996996826295, 55.17466098093519, 55.044630235425316, 52.87024519131664, 53.85287444080325, 53.680633331877026, 53.07134082753509, 53.94646514449564, 53.963332028563904, 53.48076327921346, 52.28801622526408, 53.748973534039024, 53.17411869314384, 55.25086375490454, 54.786035085541585, 52.7122094883953, 55.415244526057656, 55.81400442790347, 54.33114473813544, 53.787456899252, 52.78565011273905, 54.13876505285329, 52.37970339062086, 52.474909830966766, 52.82158615288646, 52.59073462790929, 55.835750811670756, 54.95277642421266, 53.927681580440186, 54.56785416956137, 53.69009970166484, 55.70116162458013, 55.19671933631909, 55.36642004146399, 52.39964501827126, 52.891242562034904, 53.33642897719004, 54.818134431103864, 52.787350352772215]

0.6136279106140137, 0.47182297706604004, 0.48177003860473633, 0.46726489067077637, 0.48770689964294434, 0.4428720474243164, 0.474869966506958, 0.6307430267333984, 0.6795589923858643, 0.48769187927246094, 0.668856845833594, 0.6676977849952417, 0.6269352632009477, 0.5598703881252596, 0.44660377553124936, 0.5370190150399807, 0.6709010658113644, 0.648031038546332, 0.5043520926302983, 0.5219320668002535, 0.5697888716388227, 0.4880463425976958, 0.5899048307418917, 0.6717734883425331, 0.45014623829977973, 0.6620794416542868, 0.5010828749214348, 0.6347106243839876, 0.6545269831943422, 0.478638568450051, 0.6435771447688625, 0.6517991906866893, 0.6792263310915161, 0.667061691052038, 0.48515308117895206, 0.506452513513258, 0.5609532395696849, 0.5902708275849995, 0.4759229997886674, 0.4855073870820192, 0.6280420063875345, 0.5380813866075423, 0.6698120590438461, 0.4971437491376029, 0.6042347474622417, 0.5631619997761041, 0.6774972813105091, 0.5571146140125488, 0.5124549759711647, 0.4569247686831915

53.82379198074341, 52.41263198852539, 52.74427509307861, 53.785436153411865, 54.147534132003784, 52.424875020980835, 53.07827711105347, 55.18420696258545, 53.740071058273315, 54.05462598800659, 54.298279316835, 54.667891170648886, 54.04520375389192, 52.75060313042661, 52.47947047809945, 54.851131107659164, 53.260687292706656, 52.55156722910812, 53.65168048032641, 54.3200041490347, 55.051655029986804, 52.41615706045986, 55.11036159555722, 53.525440238192985, 54.23110292106687, 54.64606882989159, 52.426064066590165, 54.85556441971367, 55.09477997225932, 54.74960207052247, 54.44372669560895, 53.83013300024583, 54.47636509130365, 54.85019806055173, 54.839480778248095, 54.806226857126234, 54.90794906916245, 52.59650223782109, 52.42607420402237, 54.183142281739784, 53.61454896180637, 54.18783573112151, 53.098087955979246, 54.38482610480121, 54.174417168072544, 52.561974951279325, 54.6089727173802, 53.54663862035156, 53.032379898424814, 54.96333966455483]