0
1
2
3
4
5
6
7
8
9
10
11
12
13
14
15
16
17
18
19
20
21
22
23
24
RESULTS
--------------------------------
KK:  [246952, 134617, 1251034, 19819, 96924, 426335, 55898, 18571, 116751, 37799, 146943, 212879, 175132, 153029, 428163, 305470, 42509, 7831, 68208, 588203, 570830, 1328116, 1664763, 15199, 72655]
Repeated Random, Standard:  [297229396, 192354159, 36652638, 13889273, 244514488, 112957001, 17793740, 185584571, 773950643, 247963393, 189060543, 101699847, 272297316, 487544099, 964957065, 216553362, 679789721, 205209761, 125617006, 196285809, 307742238, 112694372, 194892349, 141764637, 387652193]
Repeated Random, PP:  [42, 361, 36, 417, 68, 123, 8, 121, 123, 1, 57, 431, 48, 59, 271, 404, 5, 205, 338, 79, 94, 498, 413, 47, 55]
Hill climb, Standard:  [719805336, 252150235, 1579650702, 17442801, 289749878, 166523851, 275006376, 41044763, 111654907, 539016379, 111780229, 170010479, 129411008, 608631093, 323595915, 107143162, 63178935, 173346927, 11311714, 199284525, 350478724, 379198020, 317743445, 584350107, 136009507]
Hill climb, PP:  [194, 933, 4, 45, 514, 155, 164, 199, 459, 47, 3, 55, 6, 87, 719, 86, 471, 225, 38, 7, 688, 686, 75, 461, 57]
SA, Standard:  [98571384, 240388141, 737656080, 167898489, 38494012, 115474963, 17712442, 144254871, 219723859, 82979383, 311376245, 89929621, 474352502, 347970021, 156457133, 126439768, 94624117, 65453361, 846540378, 543143643, 125974496, 37184510, 281451881, 834526741, 358326225]
SA, PP:  [252, 109, 990, 245, 258, 71, 198, 487, 55, 329, 37, 75, 146, 53, 227, 256, 3, 777, 64, 147, 102, 314, 97, 159, 65]
KK:  327385.2
Repeated Random, Standard:  268265984.8
Repeated Random, PP:  172.16
Hill climb, Standard:  306300760.72
Hill climb, PP:  255.12
SA, Standard:  [98571384, 240388141, 737656080, 167898489, 38494012, 115474963, 17712442, 144254871, 219723859, 82979383, 311376245, 89929621, 474352502, 347970021, 156457133, 126439768, 94624117, 65453361, 846540378, 543143643, 125974496, 37184510, 281451881, 834526741, 358326225]
SA, PP:  220.64
