RESULTS
--------------------------------
KK:  [614585, 84041, 53621, 49547, 87968, 40249, 58829, 78338, 87398, 414945, 73436, 83252, 1978376, 628778, 1716362, 91347, 201782, 79584, 75144, 721843, 44393, 233969, 84305, 68336, 15515, 56138, 8930, 2978, 243730, 150511, 17784, 1134, 123966, 205962, 506761, 50252, 2696924, 470214, 105210, 302830, 31772, 454977, 365564, 31513, 51340, 20590, 592926, 238253, 33842, 17860]
Repeated Random, Standard:  [651788523, 350455761, 261489655, 46280603, 148587604, 187264675, 556274679, 670208184, 131136208, 550521751, 133630488, 92756496, 14888896, 447920768, 906513562, 101353929, 22795858, 290749096, 297455488, 38933699, 264966481, 387706417, 166674739, 155470460, 182960467, 1202606210, 31961594, 715713332, 164624608, 815412755, 849494834, 34149336, 197696738, 89522548, 40767663, 204768710, 353258836, 27988310, 362103156, 107340056, 537381506, 25099609, 73614156, 143429087, 220225412, 599119176, 238038212, 143296203, 153692218, 51730410]
Repeated Random, PP:  [189, 447, 5, 227, 166, 7, 481, 96, 100, 45, 136, 58, 420, 34, 442, 123, 162, 14, 136, 35, 271, 131, 123, 90, 39, 120, 102, 90, 182, 41, 472, 152, 624, 76, 143, 220, 400, 72, 140, 16, 44, 243, 218, 85, 62, 154, 326, 353, 144, 34]
Hill climb, Standard:  [85354135, 309070109, 434984237, 38070973, 481497606, 160202237, 206308723, 991389422, 204631960, 7693341, 145779792, 8163392, 284301570, 3215056, 923257678, 82413723, 39142534, 11714890, 159632864, 1506265281, 137927799, 1231131637, 358795093, 359620774, 19154535, 40255306, 56542216, 51267140, 93714734, 237558939, 232526324, 176114338, 134276880, 346861250, 280595385, 1495155764, 1601005346, 405793674, 623542768, 21269616, 295901774, 166816359, 376214472, 6170711, 243694610, 59043958, 1227990294, 16141807, 463983086, 685198666]
Hill climb, PP:  [49, 97, 23, 113, 464, 1, 11, 86, 26, 111, 78, 188, 114, 494, 46, 135, 10, 112, 244, 37, 63, 49, 321, 418, 131, 70, 104, 66, 134, 113, 28, 72, 48, 12, 77, 262, 160, 244, 58, 128, 20, 67, 184, 49, 840, 84, 236, 107, 364, 52]
SA, Standard:  [46401323, 106450793, 36343395, 141975313, 7920640, 163561299, 262321379, 530763280, 36772856, 129686627, 26542386, 195631436, 406180918, 115602208, 169730160, 783775027, 391715276, 349261476, 379146064, 5264163, 7505473, 171508803, 24519181, 378813894, 47586407, 77301424, 351139838, 21469114, 96492824, 553930827, 274066794, 387253398, 181863262, 25511862, 219566721, 496528672, 208143678, 770894036, 182406712, 653416656, 381375778, 164807171, 1108979026, 737845327, 427820634, 625901872, 155417120, 73137879, 23904276, 139303854]
SA, PP:  [25, 269, 227, 331, 250, 57, 337, 242, 288, 201, 134, 206, 36, 0, 452, 11, 138, 152, 174, 259, 147, 203, 55, 18, 9, 38, 150, 202, 296, 147, 66, 306, 100, 244, 493, 110, 6, 724, 62, 74, 20, 71, 458, 657, 290, 326, 140, 13, 224, 160]
KK:  288958.08
Repeated Random, Standard:  288836383.24
Repeated Random, PP:  169.8
Hill climb, Standard:  350547095.56
Hill climb, PP:  140.0
SA, Standard:  265069170.64
SA, PP:  191.96
