0
1
2
3
4
5
6
7
8
9
10
11
12
13
14
15
16
17
18
19
20
21
22
23
24
RESULTS
--------------------------------
KK:  [147168, 39819, 46309, 765504, 102835, 71909, 127396, 605416, 227961, 140434, 172428, 55231, 32508, 285754, 120354, 22053, 94690, 26686, 27597, 498857, 81758, 252553, 9248, 95414, 368099]
Repeated Random, Standard:  [139173376, 309089867, 6435699, 453725098, 838599413, 16743467, 95285674, 45299040, 348955697, 53319342, 802936532, 390978255, 822371402, 237350982, 183483930, 149489179, 148713116, 42552236, 107451563, 81447305, 244700716, 125272705, 82068972, 35498252, 119673743]
Repeated Random, PP:  [414, 133, 253, 104, 213, 67, 166, 400, 203, 42, 90, 193, 142, 336, 196, 255, 150, 186, 181, 21, 510, 417, 4, 366, 81]
Hill climb, Standard:  [9594930, 404383521, 178012283, 9481062, 319708601, 117906041, 565043160, 4434042, 256487763, 154595028, 68871310, 663995887, 437030592, 158372278, 245873404, 113501081, 2108460, 158340450, 385187165, 375485003, 17324810, 39733789, 365296650, 6416354, 102567437]
Hill climb, PP:  [758, 65, 93, 12, 43, 59, 110, 14, 45, 20, 474, 119, 84, 70, 80, 199, 104, 100, 95, 79, 374, 63, 242, 220, 17]
SA, Standard:  [173760912, 153310429, 222926109, 161431006, 47463669, 90929819, 321984172, 84935102, 399680061, 127177122, 81109580, 35471161, 82529014, 823018352, 807322638, 296199555, 271089148, 142913244, 33314581, 569726351, 227898434, 187742127, 1000485902, 1835652530, 106792249]
SA, PP:  [578, 561, 63, 118, 307, 9, 226, 386, 239, 600, 72, 271, 354, 282, 150, 115, 148, 338, 73, 291, 456, 181, 12, 66, 159]
KK:  176719.24
Repeated Random, Standard:  235224622.44
Repeated Random, PP:  204.92
Hill climb, Standard:  206390044.04
Hill climb, PP:  141.56
SA, Standard:  331394530.68
SA, PP:  242.2
