0
1
2
3
4
5
6
7
8
9
10
11
12
13
14
15
16
17
18
19
20
21
22
23
24
RESULTS
--------------------------------
KK:  [127011, 188944, 802578, 84530, 513546, 767810, 483088, 1614197, 57301, 207839, 108146, 87058, 868416, 97520, 71833, 335546, 938618, 71572, 104719, 379332, 102800, 31565, 83256, 260933, 614315]
Repeated Random, Standard:  [611296315, 183768852, 386666842, 56659408, 166720428, 190521056, 298290290, 590384619, 75472431, 121421277, 132855128, 264608866, 123734378, 499970566, 93410229, 105253036, 510661242, 361240774, 150788323, 174961282, 205380190, 72343869, 144029870, 434250793, 162504243]
Repeated Random, PP:  [371, 64, 50, 138, 186, 90, 44, 25, 327, 177, 112, 138, 126, 442, 357, 292, 64, 194, 181, 56, 26, 341, 368, 149, 177]
Hill climb, Standard:  [23133047, 344357364, 398899594, 180599852, 393490310, 536201420, 186154262, 261533977, 6314393, 94578617, 279230444, 311439566, 209582728, 337296926, 39337421, 41379558, 85078482, 350516664, 434578847, 360543076, 659883368, 380716053, 148911184, 46691371, 430314363]
Hill climb, PP:  [195, 22, 14, 250, 254, 210, 762, 25, 243, 405, 334, 390, 176, 342, 207, 26, 124, 480, 203, 4, 738, 33, 418, 419, 3]
SA, Standard:  [462046063, 1327210856, 49984932, 158736560, 58298966, 232957284, 217303674, 7736875, 326745947, 297632959, 231148854, 925042872, 516795886, 346056020, 94372419, 331998602, 300199808, 247139360, 293010423, 266982814, 410500636, 846221127, 1420496852, 417201563, 117441935]
SA, PP:  [455, 150, 252, 130, 844, 138, 532, 113, 155, 465, 260, 540, 534, 180, 169, 326, 104, 158, 105, 138, 74, 249, 1086, 133, 137]
KK:  360098.92
Repeated Random, Standard:  244687772.28
Repeated Random, PP:  179.8
Hill climb, Standard:  261630515.48
Hill climb, PP:  251.08
SA, Standard:  396130531.48
SA, PP:  297.08
