816218989801
55761360801
858730586301
367353500901
662395834301
770709903701
107895711201
22334350001
601317874401
997006176901
779071720201
35282614401
731988715401
231892461401
719108373501
283778643801
37670928001
724837179701
935624319801
201138952501
962407622801
25630985401
956632659201
577496777401
632833176001
661774035801
698707424001
308108309401
846525463601
292526827801
43627310801
55781864601
701692507701
916230040501
835861219401
809839494901
914036011901
981397663001
371475667401
726768944301
115097521301
746263499201
422157557201
91962616001
807146012001
994405656301
744093468501
261500588101
908324589001
115139200901
112564639201
850532174601
867378528801
680287208601
74055261901
640202037001
786294295901
429146344201
99970129701
889420348401
82090680201
611372308001
981289194701
878485729601
931208696201
961539860401
641528318401
693853659401
45166942201
344830137001
327236691201
485143058101
239102358101
884029864601
234166487701
515118853001
617968150201
247954065301
228218775101
305127759201
322221458601
89646585001
462842865901
344990107101
807254821701
928501133001
58422159101
579033219601
364363674601
428085531001
862520664101
735777879501
457485539901
20311754901
809642600101
565746034401
418660171401
589831822401
720569174801
260054675501
